0,385
0,384
0,386
10,263
10,231
10,191
10,21
10,195
10,301
10,113
10,2
10,3
11,15
9,5
9,1
9,7
9,2
9,3
8,9
8,14
8,15
8,7
8,11
115,5
115,4
115,3
115,2
115,1
115,0
109,5
109,4
109,3
109,2
109,1
109,0
106,3
106,2
106,1
106,0
105,5
105,4
105,3
105,2
105,1
105,0
103,3
103,2
103,1
103,0
102,5
102,4
102,3
102,2
102,1
102,0
101,4
101,3
101,2
101,1
101,0
100,4
100,3
100,1
97,3
97,1
20,3
20,2
20,1
19,3
19,2
19,1
18,3
18,1
14,3
14,1
13,1
12,3
13,3
12,2
12,1
11,29
11,28
11,27
11,26
11,25
11,23
11,21
11,19
11,18
11,17
11,14
11,13
11,11
11,9
11,5
11,4
11,3
11,2
11,1
10,313
10,285
10,281
10,249
10,243
10,229
10,207
10,201
10,199
10,184
10,1
10,23
8,13
8,1
8,4
